1 !number of monitoring points
-15. 0.0 0.0
-14.5 0.0 0.0
-13. 0.0 0.0
-12.5 0.0 0.0
-12. 0.0 0.0
-11.5 0.0 0.0
-11. 0.0 0.0
-10.5 0.0 0.0
-10. 0.0 0.0
-9.5 0.0 0.0
-9. 0.0 0.0
-8.5 0.0 0.0
-8. 0.0 0.0
-7.5 0.0 0.0
-7. 0.0 0.0
-6.5 0.0 0.0
-15. 0.0 0.0
-15. 0.0 0.0
-15. 0.0 0.0
-15. 0.0 0.0
-15. 0.0 0.0
-15. 0.0 0.0
-15. 0.0 0.0
-15. 0.0 0.0
-15. 0.0 0.0
-15. 0.0 0.0
-15. 0.0 0.0
-15. 0.0 0.0
-15. 0.0 0.0
-15. 0.0 0.0
-15. 0.0 0.0
-15. 0.0 0.0
-15. 0.0 0.0
-15. 0.0 0.0
-15. 0.0 0.0
-15. 0.0 0.0
-15. 0.0 0.0
-15. 0.0 0.0
-15. 0.0 0.0
-15. 0.0 0.0
